1	4096
2	3072
3	2048
4	1024
5	3840
6	2816
7	1792
8	768
9	3584
10	2560
11	1536
12	512
13	3328
14	2304
15	1280
16	256
17	4032
18	3008
19	1984
20	960
21	3776
22	2752
23	1728
24	704
25	3520
26	2496
27	1472
28	448
29	3264
30	2240
31	1216
32	192
33	3968
34	2944
35	1920
36	896
37	3712
38	2688
39	1664
40	640
41	3456
42	2432
43	1408
44	384
45	3200
46	2176
47	1152
48	128
49	3904
50	2880
51	1856
52	832
53	3648
54	2624
55	1600
56	576
57	3392
58	2368
59	1344
60	320
61	3136
62	2112
63	1088
64	64
65	4080
66	3056
67	2032
68	1008
69	3824
70	2800
71	1776
72	752
73	3568
74	2544
75	1520
76	496
77	3312
78	2288
79	1264
80	240
81	4016
82	2992
83	1968
84	944
85	3760
86	2736
87	1712
88	688
89	3504
90	2480
91	1456
92	432
93	3248
94	2224
95	1200
96	176
97	3952
98	2928
99	1904
100	880
101	3696
102	2672
103	1648
104	624
105	3440
106	2416
107	1392
108	368
109	3184
110	2160
111	1136
112	112
113	3888
114	2864
115	1840
116	816
117	3632
118	2608
119	1584
120	560
121	3376
122	2352
123	1328
124	304
125	3120
126	2096
127	1072
128	48
129	4064
130	3040
131	2016
132	992
133	3808
134	2784
135	1760
136	736
137	3552
138	2528
139	1504
140	480
141	3296
142	2272
143	1248
144	224
145	4000
146	2976
147	1952
148	928
149	3744
150	2720
151	1696
152	672
153	3488
154	2464
155	1440
156	416
157	3232
158	2208
159	1184
160	160
161	3936
162	2912
163	1888
164	864
165	3680
166	2656
167	1632
168	608
169	3424
170	2400
171	1376
172	352
173	3168
174	2144
175	1120
176	96
177	3872
178	2848
179	1824
180	800
181	3616
182	2592
183	1568
184	544
185	3360
186	2336
187	1312
188	288
189	3104
190	2080
191	1056
192	32
193	4048
194	3024
195	2000
196	976
197	3792
198	2768
199	1744
200	720
201	3536
202	2512
203	1488
204	464
205	3280
206	2256
207	1232
208	208
209	3984
210	2960
211	1936
212	912
213	3728
214	2704
215	1680
216	656
217	3472
218	2448
219	1424
220	400
221	3216
222	2192
223	1168
224	144
225	3920
226	2896
227	1872
228	848
229	3664
230	2640
231	1616
232	592
233	3408
234	2384
235	1360
236	336
237	3152
238	2128
239	1104
240	80
241	3856
242	2832
243	1808
244	784
245	3600
246	2576
247	1552
248	528
249	3344
250	2320
251	1296
252	272
253	3088
254	2064
255	1040
256	16
257	4092
258	3068
259	2044
260	1020
261	3836
262	2812
263	1788
264	764
265	3580
266	2556
267	1532
268	508
269	3324
270	2300
271	1276
272	252
273	4028
274	3004
275	1980
276	956
277	3772
278	2748
279	1724
280	700
281	3516
282	2492
283	1468
284	444
285	3260
286	2236
287	1212
288	188
289	3964
290	2940
291	1916
292	892
293	3708
294	2684
295	1660
296	636
297	3452
298	2428
299	1404
300	380
301	3196
302	2172
303	1148
304	124
305	3900
306	2876
307	1852
308	828
309	3644
310	2620
311	1596
312	572
313	3388
314	2364
315	1340
316	316
317	3132
318	2108
319	1084
320	60
321	4076
322	3052
323	2028
324	1004
325	3820
326	2796
327	1772
328	748
329	3564
330	2540
331	1516
332	492
333	3308
334	2284
335	1260
336	236
337	4012
338	2988
339	1964
340	940
341	3756
342	2732
343	1708
344	684
345	3500
346	2476
347	1452
348	428
349	3244
350	2220
351	1196
352	172
353	3948
354	2924
355	1900
356	876
357	3692
358	2668
359	1644
360	620
361	3436
362	2412
363	1388
364	364
365	3180
366	2156
367	1132
368	108
369	3884
370	2860
371	1836
372	812
373	3628
374	2604
375	1580
376	556
377	3372
378	2348
379	1324
380	300
381	3116
382	2092
383	1068
384	44
385	4060
386	3036
387	2012
388	988
389	3804
390	2780
391	1756
392	732
393	3548
394	2524
395	1500
396	476
397	3292
398	2268
399	1244
400	220
401	3996
402	2972
403	1948
404	924
405	3740
406	2716
407	1692
408	668
409	3484
410	2460
411	1436
412	412
413	3228
414	2204
415	1180
416	156
417	3932
418	2908
419	1884
420	860
421	3676
422	2652
423	1628
424	604
425	3420
426	2396
427	1372
428	348
429	3164
430	2140
431	1116
432	92
433	3868
434	2844
435	1820
436	796
437	3612
438	2588
439	1564
440	540
441	3356
442	2332
443	1308
444	284
445	3100
446	2076
447	1052
448	28
449	4044
450	3020
451	1996
452	972
453	3788
454	2764
455	1740
456	716
457	3532
458	2508
459	1484
460	460
461	3276
462	2252
463	1228
464	204
465	3980
466	2956
467	1932
468	908
469	3724
470	2700
471	1676
472	652
473	3468
474	2444
475	1420
476	396
477	3212
478	2188
479	1164
480	140
481	3916
482	2892
483	1868
484	844
485	3660
486	2636
487	1612
488	588
489	3404
490	2380
491	1356
492	332
493	3148
494	2124
495	1100
496	76
497	3852
498	2828
499	1804
500	780
501	3596
502	2572
503	1548
504	524
505	3340
506	2316
507	1292
508	268
509	3084
510	2060
511	1036
512	12
513	4088
514	3064
515	2040
516	1016
517	3832
518	2808
519	1784
520	760
521	3576
522	2552
523	1528
524	504
525	3320
526	2296
527	1272
528	248
529	4024
530	3000
531	1976
532	952
533	3768
534	2744
535	1720
536	696
537	3512
538	2488
539	1464
540	440
541	3256
542	2232
543	1208
544	184
545	3960
546	2936
547	1912
548	888
549	3704
550	2680
551	1656
552	632
553	3448
554	2424
555	1400
556	376
557	3192
558	2168
559	1144
560	120
561	3896
562	2872
563	1848
564	824
565	3640
566	2616
567	1592
568	568
569	3384
570	2360
571	1336
572	312
573	3128
574	2104
575	1080
576	56
577	4072
578	3048
579	2024
580	1000
581	3816
582	2792
583	1768
584	744
585	3560
586	2536
587	1512
588	488
589	3304
590	2280
591	1256
592	232
593	4008
594	2984
595	1960
596	936
597	3752
598	2728
599	1704
600	680
601	3496
602	2472
603	1448
604	424
605	3240
606	2216
607	1192
608	168
609	3944
610	2920
611	1896
612	872
613	3688
614	2664
615	1640
616	616
617	3432
618	2408
619	1384
620	360
621	3176
622	2152
623	1128
624	104
625	3880
626	2856
627	1832
628	808
629	3624
630	2600
631	1576
632	552
633	3368
634	2344
635	1320
636	296
637	3112
638	2088
639	1064
640	40
641	4056
642	3032
643	2008
644	984
645	3800
646	2776
647	1752
648	728
649	3544
650	2520
651	1496
652	472
653	3288
654	2264
655	1240
656	216
657	3992
658	2968
659	1944
660	920
661	3736
662	2712
663	1688
664	664
665	3480
666	2456
667	1432
668	408
669	3224
670	2200
671	1176
672	152
673	3928
674	2904
675	1880
676	856
677	3672
678	2648
679	1624
680	600
681	3416
682	2392
683	1368
684	344
685	3160
686	2136
687	1112
688	88
689	3864
690	2840
691	1816
692	792
693	3608
694	2584
695	1560
696	536
697	3352
698	2328
699	1304
700	280
701	3096
702	2072
703	1048
704	24
705	4040
706	3016
707	1992
708	968
709	3784
710	2760
711	1736
712	712
713	3528
714	2504
715	1480
716	456
717	3272
718	2248
719	1224
720	200
721	3976
722	2952
723	1928
724	904
725	3720
726	2696
727	1672
728	648
729	3464
730	2440
731	1416
732	392
733	3208
734	2184
735	1160
736	136
737	3912
738	2888
739	1864
740	840
741	3656
742	2632
743	1608
744	584
745	3400
746	2376
747	1352
748	328
749	3144
750	2120
751	1096
752	72
753	3848
754	2824
755	1800
756	776
757	3592
758	2568
759	1544
760	520
761	3336
762	2312
763	1288
764	264
765	3080
766	2056
767	1032
768	8
769	4084
770	3060
771	2036
772	1012
773	3828
774	2804
775	1780
776	756
777	3572
778	2548
779	1524
780	500
781	3316
782	2292
783	1268
784	244
785	4020
786	2996
787	1972
788	948
789	3764
790	2740
791	1716
792	692
793	3508
794	2484
795	1460
796	436
797	3252
798	2228
799	1204
800	180
801	3956
802	2932
803	1908
804	884
805	3700
806	2676
807	1652
808	628
809	3444
810	2420
811	1396
812	372
813	3188
814	2164
815	1140
816	116
817	3892
818	2868
819	1844
820	820
821	3636
822	2612
823	1588
824	564
825	3380
826	2356
827	1332
828	308
829	3124
830	2100
831	1076
832	52
833	4068
834	3044
835	2020
836	996
837	3812
838	2788
839	1764
840	740
841	3556
842	2532
843	1508
844	484
845	3300
846	2276
847	1252
848	228
849	4004
850	2980
851	1956
852	932
853	3748
854	2724
855	1700
856	676
857	3492
858	2468
859	1444
860	420
861	3236
862	2212
863	1188
864	164
865	3940
866	2916
867	1892
868	868
869	3684
870	2660
871	1636
872	612
873	3428
874	2404
875	1380
876	356
877	3172
878	2148
879	1124
880	100
881	3876
882	2852
883	1828
884	804
885	3620
886	2596
887	1572
888	548
889	3364
890	2340
891	1316
892	292
893	3108
894	2084
895	1060
896	36
897	4052
898	3028
899	2004
900	980
901	3796
902	2772
903	1748
904	724
905	3540
906	2516
907	1492
908	468
909	3284
910	2260
911	1236
912	212
913	3988
914	2964
915	1940
916	916
917	3732
918	2708
919	1684
920	660
921	3476
922	2452
923	1428
924	404
925	3220
926	2196
927	1172
928	148
929	3924
930	2900
931	1876
932	852
933	3668
934	2644
935	1620
936	596
937	3412
938	2388
939	1364
940	340
941	3156
942	2132
943	1108
944	84
945	3860
946	2836
947	1812
948	788
949	3604
950	2580
951	1556
952	532
953	3348
954	2324
955	1300
956	276
957	3092
958	2068
959	1044
960	20
961	4036
962	3012
963	1988
964	964
965	3780
966	2756
967	1732
968	708
969	3524
970	2500
971	1476
972	452
973	3268
974	2244
975	1220
976	196
977	3972
978	2948
979	1924
980	900
981	3716
982	2692
983	1668
984	644
985	3460
986	2436
987	1412
988	388
989	3204
990	2180
991	1156
992	132
993	3908
994	2884
995	1860
996	836
997	3652
998	2628
999	1604
1000	580
1001	3396
1002	2372
1003	1348
1004	324
1005	3140
1006	2116
1007	1092
1008	68
1009	3844
1010	2820
1011	1796
1012	772
1013	3588
1014	2564
1015	1540
1016	516
1017	3332
1018	2308
1019	1284
1020	260
1021	3076
1022	2052
1023	1028
1024	4
1025	4095
1026	3071
1027	2047
1028	1023
1029	3839
1030	2815
1031	1791
1032	767
1033	3583
1034	2559
1035	1535
1036	511
1037	3327
1038	2303
1039	1279
1040	255
1041	4031
1042	3007
1043	1983
1044	959
1045	3775
1046	2751
1047	1727
1048	703
1049	3519
1050	2495
1051	1471
1052	447
1053	3263
1054	2239
1055	1215
1056	191
1057	3967
1058	2943
1059	1919
1060	895
1061	3711
1062	2687
1063	1663
1064	639
1065	3455
1066	2431
1067	1407
1068	383
1069	3199
1070	2175
1071	1151
1072	127
1073	3903
1074	2879
1075	1855
1076	831
1077	3647
1078	2623
1079	1599
1080	575
1081	3391
1082	2367
1083	1343
1084	319
1085	3135
1086	2111
1087	1087
1088	63
1089	4079
1090	3055
1091	2031
1092	1007
1093	3823
1094	2799
1095	1775
1096	751
1097	3567
1098	2543
1099	1519
1100	495
1101	3311
1102	2287
1103	1263
1104	239
1105	4015
1106	2991
1107	1967
1108	943
1109	3759
1110	2735
1111	1711
1112	687
1113	3503
1114	2479
1115	1455
1116	431
1117	3247
1118	2223
1119	1199
1120	175
1121	3951
1122	2927
1123	1903
1124	879
1125	3695
1126	2671
1127	1647
1128	623
1129	3439
1130	2415
1131	1391
1132	367
1133	3183
1134	2159
1135	1135
1136	111
1137	3887
1138	2863
1139	1839
1140	815
1141	3631
1142	2607
1143	1583
1144	559
1145	3375
1146	2351
1147	1327
1148	303
1149	3119
1150	2095
1151	1071
1152	47
1153	4063
1154	3039
1155	2015
1156	991
1157	3807
1158	2783
1159	1759
1160	735
1161	3551
1162	2527
1163	1503
1164	479
1165	3295
1166	2271
1167	1247
1168	223
1169	3999
1170	2975
1171	1951
1172	927
1173	3743
1174	2719
1175	1695
1176	671
1177	3487
1178	2463
1179	1439
1180	415
1181	3231
1182	2207
1183	1183
1184	159
1185	3935
1186	2911
1187	1887
1188	863
1189	3679
1190	2655
1191	1631
1192	607
1193	3423
1194	2399
1195	1375
1196	351
1197	3167
1198	2143
1199	1119
1200	95
1201	3871
1202	2847
1203	1823
1204	799
1205	3615
1206	2591
1207	1567
1208	543
1209	3359
1210	2335
1211	1311
1212	287
1213	3103
1214	2079
1215	1055
1216	31
1217	4047
1218	3023
1219	1999
1220	975
1221	3791
1222	2767
1223	1743
1224	719
1225	3535
1226	2511
1227	1487
1228	463
1229	3279
1230	2255
1231	1231
1232	207
1233	3983
1234	2959
1235	1935
1236	911
1237	3727
1238	2703
1239	1679
1240	655
1241	3471
1242	2447
1243	1423
1244	399
1245	3215
1246	2191
1247	1167
1248	143
1249	3919
1250	2895
1251	1871
1252	847
1253	3663
1254	2639
1255	1615
1256	591
1257	3407
1258	2383
1259	1359
1260	335
1261	3151
1262	2127
1263	1103
1264	79
1265	3855
1266	2831
1267	1807
1268	783
1269	3599
1270	2575
1271	1551
1272	527
1273	3343
1274	2319
1275	1295
1276	271
1277	3087
1278	2063
1279	1039
1280	15
1281	4091
1282	3067
1283	2043
1284	1019
1285	3835
1286	2811
1287	1787
1288	763
1289	3579
1290	2555
1291	1531
1292	507
1293	3323
1294	2299
1295	1275
1296	251
1297	4027
1298	3003
1299	1979
1300	955
1301	3771
1302	2747
1303	1723
1304	699
1305	3515
1306	2491
1307	1467
1308	443
1309	3259
1310	2235
1311	1211
1312	187
1313	3963
1314	2939
1315	1915
1316	891
1317	3707
1318	2683
1319	1659
1320	635
1321	3451
1322	2427
1323	1403
1324	379
1325	3195
1326	2171
1327	1147
1328	123
1329	3899
1330	2875
1331	1851
1332	827
1333	3643
1334	2619
1335	1595
1336	571
1337	3387
1338	2363
1339	1339
1340	315
1341	3131
1342	2107
1343	1083
1344	59
1345	4075
1346	3051
1347	2027
1348	1003
1349	3819
1350	2795
1351	1771
1352	747
1353	3563
1354	2539
1355	1515
1356	491
1357	3307
1358	2283
1359	1259
1360	235
1361	4011
1362	2987
1363	1963
1364	939
1365	3755
1366	2731
1367	1707
1368	683
1369	3499
1370	2475
1371	1451
1372	427
1373	3243
1374	2219
1375	1195
1376	171
1377	3947
1378	2923
1379	1899
1380	875
1381	3691
1382	2667
1383	1643
1384	619
1385	3435
1386	2411
1387	1387
1388	363
1389	3179
1390	2155
1391	1131
1392	107
1393	3883
1394	2859
1395	1835
1396	811
1397	3627
1398	2603
1399	1579
1400	555
1401	3371
1402	2347
1403	1323
1404	299
1405	3115
1406	2091
1407	1067
1408	43
1409	4059
1410	3035
1411	2011
1412	987
1413	3803
1414	2779
1415	1755
1416	731
1417	3547
1418	2523
1419	1499
1420	475
1421	3291
1422	2267
1423	1243
1424	219
1425	3995
1426	2971
1427	1947
1428	923
1429	3739
1430	2715
1431	1691
1432	667
1433	3483
1434	2459
1435	1435
1436	411
1437	3227
1438	2203
1439	1179
1440	155
1441	3931
1442	2907
1443	1883
1444	859
1445	3675
1446	2651
1447	1627
1448	603
1449	3419
1450	2395
1451	1371
1452	347
1453	3163
1454	2139
1455	1115
1456	91
1457	3867
1458	2843
1459	1819
1460	795
1461	3611
1462	2587
1463	1563
1464	539
1465	3355
1466	2331
1467	1307
1468	283
1469	3099
1470	2075
1471	1051
1472	27
1473	4043
1474	3019
1475	1995
1476	971
1477	3787
1478	2763
1479	1739
1480	715
1481	3531
1482	2507
1483	1483
1484	459
1485	3275
1486	2251
1487	1227
1488	203
1489	3979
1490	2955
1491	1931
1492	907
1493	3723
1494	2699
1495	1675
1496	651
1497	3467
1498	2443
1499	1419
1500	395
1501	3211
1502	2187
1503	1163
1504	139
1505	3915
1506	2891
1507	1867
1508	843
1509	3659
1510	2635
1511	1611
1512	587
1513	3403
1514	2379
1515	1355
1516	331
1517	3147
1518	2123
1519	1099
1520	75
1521	3851
1522	2827
1523	1803
1524	779
1525	3595
1526	2571
1527	1547
1528	523
1529	3339
1530	2315
1531	1291
1532	267
1533	3083
1534	2059
1535	1035
1536	11
1537	4087
1538	3063
1539	2039
1540	1015
1541	3831
1542	2807
1543	1783
1544	759
1545	3575
1546	2551
1547	1527
1548	503
1549	3319
1550	2295
1551	1271
1552	247
1553	4023
1554	2999
1555	1975
1556	951
1557	3767
1558	2743
1559	1719
1560	695
1561	3511
1562	2487
1563	1463
1564	439
1565	3255
1566	2231
1567	1207
1568	183
1569	3959
1570	2935
1571	1911
1572	887
1573	3703
1574	2679
1575	1655
1576	631
1577	3447
1578	2423
1579	1399
1580	375
1581	3191
1582	2167
1583	1143
1584	119
1585	3895
1586	2871
1587	1847
1588	823
1589	3639
1590	2615
1591	1591
1592	567
1593	3383
1594	2359
1595	1335
1596	311
1597	3127
1598	2103
1599	1079
1600	55
1601	4071
1602	3047
1603	2023
1604	999
1605	3815
1606	2791
1607	1767
1608	743
1609	3559
1610	2535
1611	1511
1612	487
1613	3303
1614	2279
1615	1255
1616	231
1617	4007
1618	2983
1619	1959
1620	935
1621	3751
1622	2727
1623	1703
1624	679
1625	3495
1626	2471
1627	1447
1628	423
1629	3239
1630	2215
1631	1191
1632	167
1633	3943
1634	2919
1635	1895
1636	871
1637	3687
1638	2663
1639	1639
1640	615
1641	3431
1642	2407
1643	1383
1644	359
1645	3175
1646	2151
1647	1127
1648	103
1649	3879
1650	2855
1651	1831
1652	807
1653	3623
1654	2599
1655	1575
1656	551
1657	3367
1658	2343
1659	1319
1660	295
1661	3111
1662	2087
1663	1063
1664	39
1665	4055
1666	3031
1667	2007
1668	983
1669	3799
1670	2775
1671	1751
1672	727
1673	3543
1674	2519
1675	1495
1676	471
1677	3287
1678	2263
1679	1239
1680	215
1681	3991
1682	2967
1683	1943
1684	919
1685	3735
1686	2711
1687	1687
1688	663
1689	3479
1690	2455
1691	1431
1692	407
1693	3223
1694	2199
1695	1175
1696	151
1697	3927
1698	2903
1699	1879
1700	855
1701	3671
1702	2647
1703	1623
1704	599
1705	3415
1706	2391
1707	1367
1708	343
1709	3159
1710	2135
1711	1111
1712	87
1713	3863
1714	2839
1715	1815
1716	791
1717	3607
1718	2583
1719	1559
1720	535
1721	3351
1722	2327
1723	1303
1724	279
1725	3095
1726	2071
1727	1047
1728	23
1729	4039
1730	3015
1731	1991
1732	967
1733	3783
1734	2759
1735	1735
1736	711
1737	3527
1738	2503
1739	1479
1740	455
1741	3271
1742	2247
1743	1223
1744	199
1745	3975
1746	2951
1747	1927
1748	903
1749	3719
1750	2695
1751	1671
1752	647
1753	3463
1754	2439
1755	1415
1756	391
1757	3207
1758	2183
1759	1159
1760	135
1761	3911
1762	2887
1763	1863
1764	839
1765	3655
1766	2631
1767	1607
1768	583
1769	3399
1770	2375
1771	1351
1772	327
1773	3143
1774	2119
1775	1095
1776	71
1777	3847
1778	2823
1779	1799
1780	775
1781	3591
1782	2567
1783	1543
1784	519
1785	3335
1786	2311
1787	1287
1788	263
1789	3079
1790	2055
1791	1031
1792	7
1793	4083
1794	3059
1795	2035
1796	1011
1797	3827
1798	2803
1799	1779
1800	755
1801	3571
1802	2547
1803	1523
1804	499
1805	3315
1806	2291
1807	1267
1808	243
1809	4019
1810	2995
1811	1971
1812	947
1813	3763
1814	2739
1815	1715
1816	691
1817	3507
1818	2483
1819	1459
1820	435
1821	3251
1822	2227
1823	1203
1824	179
1825	3955
1826	2931
1827	1907
1828	883
1829	3699
1830	2675
1831	1651
1832	627
1833	3443
1834	2419
1835	1395
1836	371
1837	3187
1838	2163
1839	1139
1840	115
1841	3891
1842	2867
1843	1843
1844	819
1845	3635
1846	2611
1847	1587
1848	563
1849	3379
1850	2355
1851	1331
1852	307
1853	3123
1854	2099
1855	1075
1856	51
1857	4067
1858	3043
1859	2019
1860	995
1861	3811
1862	2787
1863	1763
1864	739
1865	3555
1866	2531
1867	1507
1868	483
1869	3299
1870	2275
1871	1251
1872	227
1873	4003
1874	2979
1875	1955
1876	931
1877	3747
1878	2723
1879	1699
1880	675
1881	3491
1882	2467
1883	1443
1884	419
1885	3235
1886	2211
1887	1187
1888	163
1889	3939
1890	2915
1891	1891
1892	867
1893	3683
1894	2659
1895	1635
1896	611
1897	3427
1898	2403
1899	1379
1900	355
1901	3171
1902	2147
1903	1123
1904	99
1905	3875
1906	2851
1907	1827
1908	803
1909	3619
1910	2595
1911	1571
1912	547
1913	3363
1914	2339
1915	1315
1916	291
1917	3107
1918	2083
1919	1059
1920	35
1921	4051
1922	3027
1923	2003
1924	979
1925	3795
1926	2771
1927	1747
1928	723
1929	3539
1930	2515
1931	1491
1932	467
1933	3283
1934	2259
1935	1235
1936	211
1937	3987
1938	2963
1939	1939
1940	915
1941	3731
1942	2707
1943	1683
1944	659
1945	3475
1946	2451
1947	1427
1948	403
1949	3219
1950	2195
1951	1171
1952	147
1953	3923
1954	2899
1955	1875
1956	851
1957	3667
1958	2643
1959	1619
1960	595
1961	3411
1962	2387
1963	1363
1964	339
1965	3155
1966	2131
1967	1107
1968	83
1969	3859
1970	2835
1971	1811
1972	787
1973	3603
1974	2579
1975	1555
1976	531
1977	3347
1978	2323
1979	1299
1980	275
1981	3091
1982	2067
1983	1043
1984	19
1985	4035
1986	3011
1987	1987
1988	963
1989	3779
1990	2755
1991	1731
1992	707
1993	3523
1994	2499
1995	1475
1996	451
1997	3267
1998	2243
1999	1219
2000	195
2001	3971
2002	2947
2003	1923
2004	899
2005	3715
2006	2691
2007	1667
2008	643
2009	3459
2010	2435
2011	1411
2012	387
2013	3203
2014	2179
2015	1155
2016	131
2017	3907
2018	2883
2019	1859
2020	835
2021	3651
2022	2627
2023	1603
2024	579
2025	3395
2026	2371
2027	1347
2028	323
2029	3139
2030	2115
2031	1091
2032	67
2033	3843
2034	2819
2035	1795
2036	771
2037	3587
2038	2563
2039	1539
2040	515
2041	3331
2042	2307
2043	1283
2044	259
2045	3075
2046	2051
2047	1027
2048	3
2049	4094
2050	3070
2051	2046
2052	1022
2053	3838
2054	2814
2055	1790
2056	766
2057	3582
2058	2558
2059	1534
2060	510
2061	3326
2062	2302
2063	1278
2064	254
2065	4030
2066	3006
2067	1982
2068	958
2069	3774
2070	2750
2071	1726
2072	702
2073	3518
2074	2494
2075	1470
2076	446
2077	3262
2078	2238
2079	1214
2080	190
2081	3966
2082	2942
2083	1918
2084	894
2085	3710
2086	2686
2087	1662
2088	638
2089	3454
2090	2430
2091	1406
2092	382
2093	3198
2094	2174
2095	1150
2096	126
2097	3902
2098	2878
2099	1854
2100	830
2101	3646
2102	2622
2103	1598
2104	574
2105	3390
2106	2366
2107	1342
2108	318
2109	3134
2110	2110
2111	1086
2112	62
2113	4078
2114	3054
2115	2030
2116	1006
2117	3822
2118	2798
2119	1774
2120	750
2121	3566
2122	2542
2123	1518
2124	494
2125	3310
2126	2286
2127	1262
2128	238
2129	4014
2130	2990
2131	1966
2132	942
2133	3758
2134	2734
2135	1710
2136	686
2137	3502
2138	2478
2139	1454
2140	430
2141	3246
2142	2222
2143	1198
2144	174
2145	3950
2146	2926
2147	1902
2148	878
2149	3694
2150	2670
2151	1646
2152	622
2153	3438
2154	2414
2155	1390
2156	366
2157	3182
2158	2158
2159	1134
2160	110
2161	3886
2162	2862
2163	1838
2164	814
2165	3630
2166	2606
2167	1582
2168	558
2169	3374
2170	2350
2171	1326
2172	302
2173	3118
2174	2094
2175	1070
2176	46
2177	4062
2178	3038
2179	2014
2180	990
2181	3806
2182	2782
2183	1758
2184	734
2185	3550
2186	2526
2187	1502
2188	478
2189	3294
2190	2270
2191	1246
2192	222
2193	3998
2194	2974
2195	1950
2196	926
2197	3742
2198	2718
2199	1694
2200	670
2201	3486
2202	2462
2203	1438
2204	414
2205	3230
2206	2206
2207	1182
2208	158
2209	3934
2210	2910
2211	1886
2212	862
2213	3678
2214	2654
2215	1630
2216	606
2217	3422
2218	2398
2219	1374
2220	350
2221	3166
2222	2142
2223	1118
2224	94
2225	3870
2226	2846
2227	1822
2228	798
2229	3614
2230	2590
2231	1566
2232	542
2233	3358
2234	2334
2235	1310
2236	286
2237	3102
2238	2078
2239	1054
2240	30
2241	4046
2242	3022
2243	1998
2244	974
2245	3790
2246	2766
2247	1742
2248	718
2249	3534
2250	2510
2251	1486
2252	462
2253	3278
2254	2254
2255	1230
2256	206
2257	3982
2258	2958
2259	1934
2260	910
2261	3726
2262	2702
2263	1678
2264	654
2265	3470
2266	2446
2267	1422
2268	398
2269	3214
2270	2190
2271	1166
2272	142
2273	3918
2274	2894
2275	1870
2276	846
2277	3662
2278	2638
2279	1614
2280	590
2281	3406
2282	2382
2283	1358
2284	334
2285	3150
2286	2126
2287	1102
2288	78
2289	3854
2290	2830
2291	1806
2292	782
2293	3598
2294	2574
2295	1550
2296	526
2297	3342
2298	2318
2299	1294
2300	270
2301	3086
2302	2062
2303	1038
2304	14
2305	4090
2306	3066
2307	2042
2308	1018
2309	3834
2310	2810
2311	1786
2312	762
2313	3578
2314	2554
2315	1530
2316	506
2317	3322
2318	2298
2319	1274
2320	250
2321	4026
2322	3002
2323	1978
2324	954
2325	3770
2326	2746
2327	1722
2328	698
2329	3514
2330	2490
2331	1466
2332	442
2333	3258
2334	2234
2335	1210
2336	186
2337	3962
2338	2938
2339	1914
2340	890
2341	3706
2342	2682
2343	1658
2344	634
2345	3450
2346	2426
2347	1402
2348	378
2349	3194
2350	2170
2351	1146
2352	122
2353	3898
2354	2874
2355	1850
2356	826
2357	3642
2358	2618
2359	1594
2360	570
2361	3386
2362	2362
2363	1338
2364	314
2365	3130
2366	2106
2367	1082
2368	58
2369	4074
2370	3050
2371	2026
2372	1002
2373	3818
2374	2794
2375	1770
2376	746
2377	3562
2378	2538
2379	1514
2380	490
2381	3306
2382	2282
2383	1258
2384	234
2385	4010
2386	2986
2387	1962
2388	938
2389	3754
2390	2730
2391	1706
2392	682
2393	3498
2394	2474
2395	1450
2396	426
2397	3242
2398	2218
2399	1194
2400	170
2401	3946
2402	2922
2403	1898
2404	874
2405	3690
2406	2666
2407	1642
2408	618
2409	3434
2410	2410
2411	1386
2412	362
2413	3178
2414	2154
2415	1130
2416	106
2417	3882
2418	2858
2419	1834
2420	810
2421	3626
2422	2602
2423	1578
2424	554
2425	3370
2426	2346
2427	1322
2428	298
2429	3114
2430	2090
2431	1066
2432	42
2433	4058
2434	3034
2435	2010
2436	986
2437	3802
2438	2778
2439	1754
2440	730
2441	3546
2442	2522
2443	1498
2444	474
2445	3290
2446	2266
2447	1242
2448	218
2449	3994
2450	2970
2451	1946
2452	922
2453	3738
2454	2714
2455	1690
2456	666
2457	3482
2458	2458
2459	1434
2460	410
2461	3226
2462	2202
2463	1178
2464	154
2465	3930
2466	2906
2467	1882
2468	858
2469	3674
2470	2650
2471	1626
2472	602
2473	3418
2474	2394
2475	1370
2476	346
2477	3162
2478	2138
2479	1114
2480	90
2481	3866
2482	2842
2483	1818
2484	794
2485	3610
2486	2586
2487	1562
2488	538
2489	3354
2490	2330
2491	1306
2492	282
2493	3098
2494	2074
2495	1050
2496	26
2497	4042
2498	3018
2499	1994
2500	970
2501	3786
2502	2762
2503	1738
2504	714
2505	3530
2506	2506
2507	1482
2508	458
2509	3274
2510	2250
2511	1226
2512	202
2513	3978
2514	2954
2515	1930
2516	906
2517	3722
2518	2698
2519	1674
2520	650
2521	3466
2522	2442
2523	1418
2524	394
2525	3210
2526	2186
2527	1162
2528	138
2529	3914
2530	2890
2531	1866
2532	842
2533	3658
2534	2634
2535	1610
2536	586
2537	3402
2538	2378
2539	1354
2540	330
2541	3146
2542	2122
2543	1098
2544	74
2545	3850
2546	2826
2547	1802
2548	778
2549	3594
2550	2570
2551	1546
2552	522
2553	3338
2554	2314
2555	1290
2556	266
2557	3082
2558	2058
2559	1034
2560	10
2561	4086
2562	3062
2563	2038
2564	1014
2565	3830
2566	2806
2567	1782
2568	758
2569	3574
2570	2550
2571	1526
2572	502
2573	3318
2574	2294
2575	1270
2576	246
2577	4022
2578	2998
2579	1974
2580	950
2581	3766
2582	2742
2583	1718
2584	694
2585	3510
2586	2486
2587	1462
2588	438
2589	3254
2590	2230
2591	1206
2592	182
2593	3958
2594	2934
2595	1910
2596	886
2597	3702
2598	2678
2599	1654
2600	630
2601	3446
2602	2422
2603	1398
2604	374
2605	3190
2606	2166
2607	1142
2608	118
2609	3894
2610	2870
2611	1846
2612	822
2613	3638
2614	2614
2615	1590
2616	566
2617	3382
2618	2358
2619	1334
2620	310
2621	3126
2622	2102
2623	1078
2624	54
2625	4070
2626	3046
2627	2022
2628	998
2629	3814
2630	2790
2631	1766
2632	742
2633	3558
2634	2534
2635	1510
2636	486
2637	3302
2638	2278
2639	1254
2640	230
2641	4006
2642	2982
2643	1958
2644	934
2645	3750
2646	2726
2647	1702
2648	678
2649	3494
2650	2470
2651	1446
2652	422
2653	3238
2654	2214
2655	1190
2656	166
2657	3942
2658	2918
2659	1894
2660	870
2661	3686
2662	2662
2663	1638
2664	614
2665	3430
2666	2406
2667	1382
2668	358
2669	3174
2670	2150
2671	1126
2672	102
2673	3878
2674	2854
2675	1830
2676	806
2677	3622
2678	2598
2679	1574
2680	550
2681	3366
2682	2342
2683	1318
2684	294
2685	3110
2686	2086
2687	1062
2688	38
2689	4054
2690	3030
2691	2006
2692	982
2693	3798
2694	2774
2695	1750
2696	726
2697	3542
2698	2518
2699	1494
2700	470
2701	3286
2702	2262
2703	1238
2704	214
2705	3990
2706	2966
2707	1942
2708	918
2709	3734
2710	2710
2711	1686
2712	662
2713	3478
2714	2454
2715	1430
2716	406
2717	3222
2718	2198
2719	1174
2720	150
2721	3926
2722	2902
2723	1878
2724	854
2725	3670
2726	2646
2727	1622
2728	598
2729	3414
2730	2390
2731	1366
2732	342
2733	3158
2734	2134
2735	1110
2736	86
2737	3862
2738	2838
2739	1814
2740	790
2741	3606
2742	2582
2743	1558
2744	534
2745	3350
2746	2326
2747	1302
2748	278
2749	3094
2750	2070
2751	1046
2752	22
2753	4038
2754	3014
2755	1990
2756	966
2757	3782
2758	2758
2759	1734
2760	710
2761	3526
2762	2502
2763	1478
2764	454
2765	3270
2766	2246
2767	1222
2768	198
2769	3974
2770	2950
2771	1926
2772	902
2773	3718
2774	2694
2775	1670
2776	646
2777	3462
2778	2438
2779	1414
2780	390
2781	3206
2782	2182
2783	1158
2784	134
2785	3910
2786	2886
2787	1862
2788	838
2789	3654
2790	2630
2791	1606
2792	582
2793	3398
2794	2374
2795	1350
2796	326
2797	3142
2798	2118
2799	1094
2800	70
2801	3846
2802	2822
2803	1798
2804	774
2805	3590
2806	2566
2807	1542
2808	518
2809	3334
2810	2310
2811	1286
2812	262
2813	3078
2814	2054
2815	1030
2816	6
2817	4082
2818	3058
2819	2034
2820	1010
2821	3826
2822	2802
2823	1778
2824	754
2825	3570
2826	2546
2827	1522
2828	498
2829	3314
2830	2290
2831	1266
2832	242
2833	4018
2834	2994
2835	1970
2836	946
2837	3762
2838	2738
2839	1714
2840	690
2841	3506
2842	2482
2843	1458
2844	434
2845	3250
2846	2226
2847	1202
2848	178
2849	3954
2850	2930
2851	1906
2852	882
2853	3698
2854	2674
2855	1650
2856	626
2857	3442
2858	2418
2859	1394
2860	370
2861	3186
2862	2162
2863	1138
2864	114
2865	3890
2866	2866
2867	1842
2868	818
2869	3634
2870	2610
2871	1586
2872	562
2873	3378
2874	2354
2875	1330
2876	306
2877	3122
2878	2098
2879	1074
2880	50
2881	4066
2882	3042
2883	2018
2884	994
2885	3810
2886	2786
2887	1762
2888	738
2889	3554
2890	2530
2891	1506
2892	482
2893	3298
2894	2274
2895	1250
2896	226
2897	4002
2898	2978
2899	1954
2900	930
2901	3746
2902	2722
2903	1698
2904	674
2905	3490
2906	2466
2907	1442
2908	418
2909	3234
2910	2210
2911	1186
2912	162
2913	3938
2914	2914
2915	1890
2916	866
2917	3682
2918	2658
2919	1634
2920	610
2921	3426
2922	2402
2923	1378
2924	354
2925	3170
2926	2146
2927	1122
2928	98
2929	3874
2930	2850
2931	1826
2932	802
2933	3618
2934	2594
2935	1570
2936	546
2937	3362
2938	2338
2939	1314
2940	290
2941	3106
2942	2082
2943	1058
2944	34
2945	4050
2946	3026
2947	2002
2948	978
2949	3794
2950	2770
2951	1746
2952	722
2953	3538
2954	2514
2955	1490
2956	466
2957	3282
2958	2258
2959	1234
2960	210
2961	3986
2962	2962
2963	1938
2964	914
2965	3730
2966	2706
2967	1682
2968	658
2969	3474
2970	2450
2971	1426
2972	402
2973	3218
2974	2194
2975	1170
2976	146
2977	3922
2978	2898
2979	1874
2980	850
2981	3666
2982	2642
2983	1618
2984	594
2985	3410
2986	2386
2987	1362
2988	338
2989	3154
2990	2130
2991	1106
2992	82
2993	3858
2994	2834
2995	1810
2996	786
2997	3602
2998	2578
2999	1554
3000	530
3001	3346
3002	2322
3003	1298
3004	274
3005	3090
3006	2066
3007	1042
3008	18
3009	4034
3010	3010
3011	1986
3012	962
3013	3778
3014	2754
3015	1730
3016	706
3017	3522
3018	2498
3019	1474
3020	450
3021	3266
3022	2242
3023	1218
3024	194
3025	3970
3026	2946
3027	1922
3028	898
3029	3714
3030	2690
3031	1666
3032	642
3033	3458
3034	2434
3035	1410
3036	386
3037	3202
3038	2178
3039	1154
3040	130
3041	3906
3042	2882
3043	1858
3044	834
3045	3650
3046	2626
3047	1602
3048	578
3049	3394
3050	2370
3051	1346
3052	322
3053	3138
3054	2114
3055	1090
3056	66
3057	3842
3058	2818
3059	1794
3060	770
3061	3586
3062	2562
3063	1538
3064	514
3065	3330
3066	2306
3067	1282
3068	258
3069	3074
3070	2050
3071	1026
3072	2
3073	4093
3074	3069
3075	2045
3076	1021
3077	3837
3078	2813
3079	1789
3080	765
3081	3581
3082	2557
3083	1533
3084	509
3085	3325
3086	2301
3087	1277
3088	253
3089	4029
3090	3005
3091	1981
3092	957
3093	3773
3094	2749
3095	1725
3096	701
3097	3517
3098	2493
3099	1469
3100	445
3101	3261
3102	2237
3103	1213
3104	189
3105	3965
3106	2941
3107	1917
3108	893
3109	3709
3110	2685
3111	1661
3112	637
3113	3453
3114	2429
3115	1405
3116	381
3117	3197
3118	2173
3119	1149
3120	125
3121	3901
3122	2877
3123	1853
3124	829
3125	3645
3126	2621
3127	1597
3128	573
3129	3389
3130	2365
3131	1341
3132	317
3133	3133
3134	2109
3135	1085
3136	61
3137	4077
3138	3053
3139	2029
3140	1005
3141	3821
3142	2797
3143	1773
3144	749
3145	3565
3146	2541
3147	1517
3148	493
3149	3309
3150	2285
3151	1261
3152	237
3153	4013
3154	2989
3155	1965
3156	941
3157	3757
3158	2733
3159	1709
3160	685
3161	3501
3162	2477
3163	1453
3164	429
3165	3245
3166	2221
3167	1197
3168	173
3169	3949
3170	2925
3171	1901
3172	877
3173	3693
3174	2669
3175	1645
3176	621
3177	3437
3178	2413
3179	1389
3180	365
3181	3181
3182	2157
3183	1133
3184	109
3185	3885
3186	2861
3187	1837
3188	813
3189	3629
3190	2605
3191	1581
3192	557
3193	3373
3194	2349
3195	1325
3196	301
3197	3117
3198	2093
3199	1069
3200	45
3201	4061
3202	3037
3203	2013
3204	989
3205	3805
3206	2781
3207	1757
3208	733
3209	3549
3210	2525
3211	1501
3212	477
3213	3293
3214	2269
3215	1245
3216	221
3217	3997
3218	2973
3219	1949
3220	925
3221	3741
3222	2717
3223	1693
3224	669
3225	3485
3226	2461
3227	1437
3228	413
3229	3229
3230	2205
3231	1181
3232	157
3233	3933
3234	2909
3235	1885
3236	861
3237	3677
3238	2653
3239	1629
3240	605
3241	3421
3242	2397
3243	1373
3244	349
3245	3165
3246	2141
3247	1117
3248	93
3249	3869
3250	2845
3251	1821
3252	797
3253	3613
3254	2589
3255	1565
3256	541
3257	3357
3258	2333
3259	1309
3260	285
3261	3101
3262	2077
3263	1053
3264	29
3265	4045
3266	3021
3267	1997
3268	973
3269	3789
3270	2765
3271	1741
3272	717
3273	3533
3274	2509
3275	1485
3276	461
3277	3277
3278	2253
3279	1229
3280	205
3281	3981
3282	2957
3283	1933
3284	909
3285	3725
3286	2701
3287	1677
3288	653
3289	3469
3290	2445
3291	1421
3292	397
3293	3213
3294	2189
3295	1165
3296	141
3297	3917
3298	2893
3299	1869
3300	845
3301	3661
3302	2637
3303	1613
3304	589
3305	3405
3306	2381
3307	1357
3308	333
3309	3149
3310	2125
3311	1101
3312	77
3313	3853
3314	2829
3315	1805
3316	781
3317	3597
3318	2573
3319	1549
3320	525
3321	3341
3322	2317
3323	1293
3324	269
3325	3085
3326	2061
3327	1037
3328	13
3329	4089
3330	3065
3331	2041
3332	1017
3333	3833
3334	2809
3335	1785
3336	761
3337	3577
3338	2553
3339	1529
3340	505
3341	3321
3342	2297
3343	1273
3344	249
3345	4025
3346	3001
3347	1977
3348	953
3349	3769
3350	2745
3351	1721
3352	697
3353	3513
3354	2489
3355	1465
3356	441
3357	3257
3358	2233
3359	1209
3360	185
3361	3961
3362	2937
3363	1913
3364	889
3365	3705
3366	2681
3367	1657
3368	633
3369	3449
3370	2425
3371	1401
3372	377
3373	3193
3374	2169
3375	1145
3376	121
3377	3897
3378	2873
3379	1849
3380	825
3381	3641
3382	2617
3383	1593
3384	569
3385	3385
3386	2361
3387	1337
3388	313
3389	3129
3390	2105
3391	1081
3392	57
3393	4073
3394	3049
3395	2025
3396	1001
3397	3817
3398	2793
3399	1769
3400	745
3401	3561
3402	2537
3403	1513
3404	489
3405	3305
3406	2281
3407	1257
3408	233
3409	4009
3410	2985
3411	1961
3412	937
3413	3753
3414	2729
3415	1705
3416	681
3417	3497
3418	2473
3419	1449
3420	425
3421	3241
3422	2217
3423	1193
3424	169
3425	3945
3426	2921
3427	1897
3428	873
3429	3689
3430	2665
3431	1641
3432	617
3433	3433
3434	2409
3435	1385
3436	361
3437	3177
3438	2153
3439	1129
3440	105
3441	3881
3442	2857
3443	1833
3444	809
3445	3625
3446	2601
3447	1577
3448	553
3449	3369
3450	2345
3451	1321
3452	297
3453	3113
3454	2089
3455	1065
3456	41
3457	4057
3458	3033
3459	2009
3460	985
3461	3801
3462	2777
3463	1753
3464	729
3465	3545
3466	2521
3467	1497
3468	473
3469	3289
3470	2265
3471	1241
3472	217
3473	3993
3474	2969
3475	1945
3476	921
3477	3737
3478	2713
3479	1689
3480	665
3481	3481
3482	2457
3483	1433
3484	409
3485	3225
3486	2201
3487	1177
3488	153
3489	3929
3490	2905
3491	1881
3492	857
3493	3673
3494	2649
3495	1625
3496	601
3497	3417
3498	2393
3499	1369
3500	345
3501	3161
3502	2137
3503	1113
3504	89
3505	3865
3506	2841
3507	1817
3508	793
3509	3609
3510	2585
3511	1561
3512	537
3513	3353
3514	2329
3515	1305
3516	281
3517	3097
3518	2073
3519	1049
3520	25
3521	4041
3522	3017
3523	1993
3524	969
3525	3785
3526	2761
3527	1737
3528	713
3529	3529
3530	2505
3531	1481
3532	457
3533	3273
3534	2249
3535	1225
3536	201
3537	3977
3538	2953
3539	1929
3540	905
3541	3721
3542	2697
3543	1673
3544	649
3545	3465
3546	2441
3547	1417
3548	393
3549	3209
3550	2185
3551	1161
3552	137
3553	3913
3554	2889
3555	1865
3556	841
3557	3657
3558	2633
3559	1609
3560	585
3561	3401
3562	2377
3563	1353
3564	329
3565	3145
3566	2121
3567	1097
3568	73
3569	3849
3570	2825
3571	1801
3572	777
3573	3593
3574	2569
3575	1545
3576	521
3577	3337
3578	2313
3579	1289
3580	265
3581	3081
3582	2057
3583	1033
3584	9
3585	4085
3586	3061
3587	2037
3588	1013
3589	3829
3590	2805
3591	1781
3592	757
3593	3573
3594	2549
3595	1525
3596	501
3597	3317
3598	2293
3599	1269
3600	245
3601	4021
3602	2997
3603	1973
3604	949
3605	3765
3606	2741
3607	1717
3608	693
3609	3509
3610	2485
3611	1461
3612	437
3613	3253
3614	2229
3615	1205
3616	181
3617	3957
3618	2933
3619	1909
3620	885
3621	3701
3622	2677
3623	1653
3624	629
3625	3445
3626	2421
3627	1397
3628	373
3629	3189
3630	2165
3631	1141
3632	117
3633	3893
3634	2869
3635	1845
3636	821
3637	3637
3638	2613
3639	1589
3640	565
3641	3381
3642	2357
3643	1333
3644	309
3645	3125
3646	2101
3647	1077
3648	53
3649	4069
3650	3045
3651	2021
3652	997
3653	3813
3654	2789
3655	1765
3656	741
3657	3557
3658	2533
3659	1509
3660	485
3661	3301
3662	2277
3663	1253
3664	229
3665	4005
3666	2981
3667	1957
3668	933
3669	3749
3670	2725
3671	1701
3672	677
3673	3493
3674	2469
3675	1445
3676	421
3677	3237
3678	2213
3679	1189
3680	165
3681	3941
3682	2917
3683	1893
3684	869
3685	3685
3686	2661
3687	1637
3688	613
3689	3429
3690	2405
3691	1381
3692	357
3693	3173
3694	2149
3695	1125
3696	101
3697	3877
3698	2853
3699	1829
3700	805
3701	3621
3702	2597
3703	1573
3704	549
3705	3365
3706	2341
3707	1317
3708	293
3709	3109
3710	2085
3711	1061
3712	37
3713	4053
3714	3029
3715	2005
3716	981
3717	3797
3718	2773
3719	1749
3720	725
3721	3541
3722	2517
3723	1493
3724	469
3725	3285
3726	2261
3727	1237
3728	213
3729	3989
3730	2965
3731	1941
3732	917
3733	3733
3734	2709
3735	1685
3736	661
3737	3477
3738	2453
3739	1429
3740	405
3741	3221
3742	2197
3743	1173
3744	149
3745	3925
3746	2901
3747	1877
3748	853
3749	3669
3750	2645
3751	1621
3752	597
3753	3413
3754	2389
3755	1365
3756	341
3757	3157
3758	2133
3759	1109
3760	85
3761	3861
3762	2837
3763	1813
3764	789
3765	3605
3766	2581
3767	1557
3768	533
3769	3349
3770	2325
3771	1301
3772	277
3773	3093
3774	2069
3775	1045
3776	21
3777	4037
3778	3013
3779	1989
3780	965
3781	3781
3782	2757
3783	1733
3784	709
3785	3525
3786	2501
3787	1477
3788	453
3789	3269
3790	2245
3791	1221
3792	197
3793	3973
3794	2949
3795	1925
3796	901
3797	3717
3798	2693
3799	1669
3800	645
3801	3461
3802	2437
3803	1413
3804	389
3805	3205
3806	2181
3807	1157
3808	133
3809	3909
3810	2885
3811	1861
3812	837
3813	3653
3814	2629
3815	1605
3816	581
3817	3397
3818	2373
3819	1349
3820	325
3821	3141
3822	2117
3823	1093
3824	69
3825	3845
3826	2821
3827	1797
3828	773
3829	3589
3830	2565
3831	1541
3832	517
3833	3333
3834	2309
3835	1285
3836	261
3837	3077
3838	2053
3839	1029
3840	5
3841	4081
3842	3057
3843	2033
3844	1009
3845	3825
3846	2801
3847	1777
3848	753
3849	3569
3850	2545
3851	1521
3852	497
3853	3313
3854	2289
3855	1265
3856	241
3857	4017
3858	2993
3859	1969
3860	945
3861	3761
3862	2737
3863	1713
3864	689
3865	3505
3866	2481
3867	1457
3868	433
3869	3249
3870	2225
3871	1201
3872	177
3873	3953
3874	2929
3875	1905
3876	881
3877	3697
3878	2673
3879	1649
3880	625
3881	3441
3882	2417
3883	1393
3884	369
3885	3185
3886	2161
3887	1137
3888	113
3889	3889
3890	2865
3891	1841
3892	817
3893	3633
3894	2609
3895	1585
3896	561
3897	3377
3898	2353
3899	1329
3900	305
3901	3121
3902	2097
3903	1073
3904	49
3905	4065
3906	3041
3907	2017
3908	993
3909	3809
3910	2785
3911	1761
3912	737
3913	3553
3914	2529
3915	1505
3916	481
3917	3297
3918	2273
3919	1249
3920	225
3921	4001
3922	2977
3923	1953
3924	929
3925	3745
3926	2721
3927	1697
3928	673
3929	3489
3930	2465
3931	1441
3932	417
3933	3233
3934	2209
3935	1185
3936	161
3937	3937
3938	2913
3939	1889
3940	865
3941	3681
3942	2657
3943	1633
3944	609
3945	3425
3946	2401
3947	1377
3948	353
3949	3169
3950	2145
3951	1121
3952	97
3953	3873
3954	2849
3955	1825
3956	801
3957	3617
3958	2593
3959	1569
3960	545
3961	3361
3962	2337
3963	1313
3964	289
3965	3105
3966	2081
3967	1057
3968	33
3969	4049
3970	3025
3971	2001
3972	977
3973	3793
3974	2769
3975	1745
3976	721
3977	3537
3978	2513
3979	1489
3980	465
3981	3281
3982	2257
3983	1233
3984	209
3985	3985
3986	2961
3987	1937
3988	913
3989	3729
3990	2705
3991	1681
3992	657
3993	3473
3994	2449
3995	1425
3996	401
3997	3217
3998	2193
3999	1169
4000	145
4001	3921
4002	2897
4003	1873
4004	849
4005	3665
4006	2641
4007	1617
4008	593
4009	3409
4010	2385
4011	1361
4012	337
4013	3153
4014	2129
4015	1105
4016	81
4017	3857
4018	2833
4019	1809
4020	785
4021	3601
4022	2577
4023	1553
4024	529
4025	3345
4026	2321
4027	1297
4028	273
4029	3089
4030	2065
4031	1041
4032	17
4033	4033
4034	3009
4035	1985
4036	961
4037	3777
4038	2753
4039	1729
4040	705
4041	3521
4042	2497
4043	1473
4044	449
4045	3265
4046	2241
4047	1217
4048	193
4049	3969
4050	2945
4051	1921
4052	897
4053	3713
4054	2689
4055	1665
4056	641
4057	3457
4058	2433
4059	1409
4060	385
4061	3201
4062	2177
4063	1153
4064	129
4065	3905
4066	2881
4067	1857
4068	833
4069	3649
4070	2625
4071	1601
4072	577
4073	3393
4074	2369
4075	1345
4076	321
4077	3137
4078	2113
4079	1089
4080	65
4081	3841
4082	2817
4083	1793
4084	769
4085	3585
4086	2561
4087	1537
4088	513
4089	3329
4090	2305
4091	1281
4092	257
4093	3073
4094	2049
4095	1025
4096	1
